<Имя задачи>
Балка из треугольников подвешена к опоре
</Имя задачи>
<Узлы>
//Номер узла, координаты X,Y,Z
1 0 0 0
2 0,05 0 0
3 0,1 0 0
4 0,15 0 0
5 0,2 0 0
6 0,25 0 0
7 0,3 0 0
8 0,35 0 0
9 0,4 0 0
10 0,45 0 0
11 0,5 0 0
12 0,55 0 0
13 0,6 0 0
14 0,65 0 0
15 0,7 0 0
16 0,75 0 0
17 0,8 0 0
18 0,85 0 0
19 0,9 0 0
20 0,95 0 0
21 1 0 0
22 0 0,05 0
23 0 0,1 0
24 0 0,15 0
25 0 0,2 0
26 0 0,25 0
27 0 0,3 0
28 0 0,35 0
29 0 0,4 0
30 0 0,45 0
31 0 0,5 0
32 0 0,55 0
33 0 0,6 0
34 0 0,65 0
35 0 0,7 0
36 0 0,75 0
37 0 0,8 0
38 0 0,85 0
39 0 0,9 0
40 0 0,95 0
41 0 1 0
42 0,05 0,05 0
43 0,05 0,1 0
44 0,05 0,15 0
45 0,05 0,2 0
46 0,05 0,25 0
47 0,05 0,3 0
48 0,05 0,35 0
49 0,05 0,4 0
50 0,05 0,45 0
51 0,05 0,5 0
52 0,05 0,55 0
53 0,05 0,6 0
54 0,05 0,65 0
55 0,05 0,7 0
56 0,05 0,75 0
57 0,05 0,8 0
58 0,05 0,85 0
59 0,05 0,9 0
60 0,05 0,95 0
61 0,05 1 0
62 0,1 0,05 0
63 0,1 0,1 0
64 0,1 0,15 0
65 0,1 0,2 0
66 0,1 0,25 0
67 0,1 0,3 0
68 0,1 0,35 0
69 0,1 0,4 0
70 0,1 0,45 0
71 0,1 0,5 0
72 0,1 0,55 0
73 0,1 0,6 0
74 0,1 0,65 0
75 0,1 0,7 0
76 0,1 0,75 0
77 0,1 0,8 0
78 0,1 0,85 0
79 0,1 0,9 0
80 0,1 0,95 0
81 0,1 1 0
82 0,15 0,05 0
83 0,15 0,1 0
84 0,15 0,15 0
85 0,15 0,2 0
86 0,15 0,25 0
87 0,15 0,3 0
88 0,15 0,35 0
89 0,15 0,4 0
90 0,15 0,45 0
91 0,15 0,5 0
92 0,15 0,55 0
93 0,15 0,6 0
94 0,15 0,65 0
95 0,15 0,7 0
96 0,15 0,75 0
97 0,15 0,8 0
98 0,15 0,85 0
99 0,15 0,9 0
100 0,15 0,95 0
101 0,15 1 0
102 0,2 0,05 0
103 0,2 0,1 0
104 0,2 0,15 0
105 0,2 0,2 0
106 0,2 0,25 0
107 0,2 0,3 0
108 0,2 0,35 0
109 0,2 0,4 0
110 0,2 0,45 0
111 0,2 0,5 0
112 0,2 0,55 0
113 0,2 0,6 0
114 0,2 0,65 0
115 0,2 0,7 0
116 0,2 0,75 0
117 0,2 0,8 0
118 0,2 0,85 0
119 0,2 0,9 0
120 0,2 0,95 0
121 0,2 1 0
122 0,25 0,05 0
123 0,25 0,1 0
124 0,25 0,15 0
125 0,25 0,2 0
126 0,25 0,25 0
127 0,25 0,3 0
128 0,25 0,35 0
129 0,25 0,4 0
130 0,25 0,45 0
131 0,25 0,5 0
132 0,25 0,55 0
133 0,25 0,6 0
134 0,25 0,65 0
135 0,25 0,7 0
136 0,25 0,75 0
137 0,25 0,8 0
138 0,25 0,85 0
139 0,25 0,9 0
140 0,25 0,95 0
141 0,25 1 0
142 0,3 0,05 0
143 0,3 0,1 0
144 0,3 0,15 0
145 0,3 0,2 0
146 0,3 0,25 0
147 0,3 0,3 0
148 0,3 0,35 0
149 0,3 0,4 0
150 0,3 0,45 0
151 0,3 0,5 0
152 0,3 0,55 0
153 0,3 0,6 0
154 0,3 0,65 0
155 0,3 0,7 0
156 0,3 0,75 0
157 0,3 0,8 0
158 0,3 0,85 0
159 0,3 0,9 0
160 0,3 0,95 0
161 0,3 1 0
162 0,35 0,05 0
163 0,35 0,1 0
164 0,35 0,15 0
165 0,35 0,2 0
166 0,35 0,25 0
167 0,35 0,3 0
168 0,35 0,35 0
169 0,35 0,4 0
170 0,35 0,45 0
171 0,35 0,5 0
172 0,35 0,55 0
173 0,35 0,6 0
174 0,35 0,65 0
175 0,35 0,7 0
176 0,35 0,75 0
177 0,35 0,8 0
178 0,35 0,85 0
179 0,35 0,9 0
180 0,35 0,95 0
181 0,35 1 0
182 0,4 0,05 0
183 0,4 0,1 0
184 0,4 0,15 0
185 0,4 0,2 0
186 0,4 0,25 0
187 0,4 0,3 0
188 0,4 0,35 0
189 0,4 0,4 0
190 0,4 0,45 0
191 0,4 0,5 0
192 0,4 0,55 0
193 0,4 0,6 0
194 0,4 0,65 0
195 0,4 0,7 0
196 0,4 0,75 0
197 0,4 0,8 0
198 0,4 0,85 0
199 0,4 0,9 0
200 0,4 0,95 0
201 0,4 1 0
202 0,45 0,05 0
203 0,45 0,1 0
204 0,45 0,15 0
205 0,45 0,2 0
206 0,45 0,25 0
207 0,45 0,3 0
208 0,45 0,35 0
209 0,45 0,4 0
210 0,45 0,45 0
211 0,45 0,5 0
212 0,45 0,55 0
213 0,45 0,6 0
214 0,45 0,65 0
215 0,45 0,7 0
216 0,45 0,75 0
217 0,45 0,8 0
218 0,45 0,85 0
219 0,45 0,9 0
220 0,45 0,95 0
221 0,45 1 0
222 0,5 0,05 0
223 0,5 0,1 0
224 0,5 0,15 0
225 0,5 0,2 0
226 0,5 0,25 0
227 0,5 0,3 0
228 0,5 0,35 0
229 0,5 0,4 0
230 0,5 0,45 0
231 0,5 0,5 0
232 0,5 0,55 0
233 0,5 0,6 0
234 0,5 0,65 0
235 0,5 0,7 0
236 0,5 0,75 0
237 0,5 0,8 0
238 0,5 0,85 0
239 0,5 0,9 0
240 0,5 0,95 0
241 0,5 1 0
242 0,55 0,05 0
243 0,55 0,1 0
244 0,55 0,15 0
245 0,55 0,2 0
246 0,55 0,25 0
247 0,55 0,3 0
248 0,55 0,35 0
249 0,55 0,4 0
250 0,55 0,45 0
251 0,55 0,5 0
252 0,55 0,55 0
253 0,55 0,6 0
254 0,55 0,65 0
255 0,55 0,7 0
256 0,55 0,75 0
257 0,55 0,8 0
258 0,55 0,85 0
259 0,55 0,9 0
260 0,55 0,95 0
261 0,55 1 0
262 0,6 0,05 0
263 0,6 0,1 0
264 0,6 0,15 0
265 0,6 0,2 0
266 0,6 0,25 0
267 0,6 0,3 0
268 0,6 0,35 0
269 0,6 0,4 0
270 0,6 0,45 0
271 0,6 0,5 0
272 0,6 0,55 0
273 0,6 0,6 0
274 0,6 0,65 0
275 0,6 0,7 0
276 0,6 0,75 0
277 0,6 0,8 0
278 0,6 0,85 0
279 0,6 0,9 0
280 0,6 0,95 0
281 0,6 1 0
282 0,65 0,05 0
283 0,65 0,1 0
284 0,65 0,15 0
285 0,65 0,2 0
286 0,65 0,25 0
287 0,65 0,3 0
288 0,65 0,35 0
289 0,65 0,4 0
290 0,65 0,45 0
291 0,65 0,5 0
292 0,65 0,55 0
293 0,65 0,6 0
294 0,65 0,65 0
295 0,65 0,7 0
296 0,65 0,75 0
297 0,65 0,8 0
298 0,65 0,85 0
299 0,65 0,9 0
300 0,65 0,95 0
301 0,65 1 0
302 0,7 0,05 0
303 0,7 0,1 0
304 0,7 0,15 0
305 0,7 0,2 0
306 0,7 0,25 0
307 0,7 0,3 0
308 0,7 0,35 0
309 0,7 0,4 0
310 0,7 0,45 0
311 0,7 0,5 0
312 0,7 0,55 0
313 0,7 0,6 0
314 0,7 0,65 0
315 0,7 0,7 0
316 0,7 0,75 0
317 0,7 0,8 0
318 0,7 0,85 0
319 0,7 0,9 0
320 0,7 0,95 0
321 0,7 1 0
322 0,75 0,05 0
323 0,75 0,1 0
324 0,75 0,15 0
325 0,75 0,2 0
326 0,75 0,25 0
327 0,75 0,3 0
328 0,75 0,35 0
329 0,75 0,4 0
330 0,75 0,45 0
331 0,75 0,5 0
332 0,75 0,55 0
333 0,75 0,6 0
334 0,75 0,65 0
335 0,75 0,7 0
336 0,75 0,75 0
337 0,75 0,8 0
338 0,75 0,85 0
339 0,75 0,9 0
340 0,75 0,95 0
341 0,75 1 0
342 0,8 0,05 0
343 0,8 0,1 0
344 0,8 0,15 0
345 0,8 0,2 0
346 0,8 0,25 0
347 0,8 0,3 0
348 0,8 0,35 0
349 0,8 0,4 0
350 0,8 0,45 0
351 0,8 0,5 0
352 0,8 0,55 0
353 0,8 0,6 0
354 0,8 0,65 0
355 0,8 0,7 0
356 0,8 0,75 0
357 0,8 0,8 0
358 0,8 0,85 0
359 0,8 0,9 0
360 0,8 0,95 0
361 0,8 1 0
362 0,85 0,05 0
363 0,85 0,1 0
364 0,85 0,15 0
365 0,85 0,2 0
366 0,85 0,25 0
367 0,85 0,3 0
368 0,85 0,35 0
369 0,85 0,4 0
370 0,85 0,45 0
371 0,85 0,5 0
372 0,85 0,55 0
373 0,85 0,6 0
374 0,85 0,65 0
375 0,85 0,7 0
376 0,85 0,75 0
377 0,85 0,8 0
378 0,85 0,85 0
379 0,85 0,9 0
380 0,85 0,95 0
381 0,85 1 0
382 0,9 0,05 0
383 0,9 0,1 0
384 0,9 0,15 0
385 0,9 0,2 0
386 0,9 0,25 0
387 0,9 0,3 0
388 0,9 0,35 0
389 0,9 0,4 0
390 0,9 0,45 0
391 0,9 0,5 0
392 0,9 0,55 0
393 0,9 0,6 0
394 0,9 0,65 0
395 0,9 0,7 0
396 0,9 0,75 0
397 0,9 0,8 0
398 0,9 0,85 0
399 0,9 0,9 0
400 0,9 0,95 0
401 0,9 1 0
402 0,95 0,05 0
403 0,95 0,1 0
404 0,95 0,15 0
405 0,95 0,2 0
406 0,95 0,25 0
407 0,95 0,3 0
408 0,95 0,35 0
409 0,95 0,4 0
410 0,95 0,45 0
411 0,95 0,5 0
412 0,95 0,55 0
413 0,95 0,6 0
414 0,95 0,65 0
415 0,95 0,7 0
416 0,95 0,75 0
417 0,95 0,8 0
418 0,95 0,85 0
419 0,95 0,9 0
420 0,95 0,95 0
421 0,95 1 0
422 1 0,05 0
423 1 0,1 0
424 1 0,15 0
425 1 0,2 0
426 1 0,25 0
427 1 0,3 0
428 1 0,35 0
429 1 0,4 0
430 1 0,45 0
431 1 0,5 0
432 1 0,55 0
433 1 0,6 0
434 1 0,65 0
435 1 0,7 0
436 1 0,75 0
437 1 0,8 0
438 1 0,85 0
439 1 0,9 0
440 1 0,95 0
441 1 1 0
</Узлы>
<Тип жесткости>
//Идентификатор, модуль упругости(МПа), коэф. Пуассона, плотность(тн/м3)
0 100000 0,4 10
</Тип жесткости>
<Элементы>
//Номер элемента, номер типа жесткости, номера узлов
1 0 1 42 22
2 0 1 2 42
3 0 22 43 23
4 0 22 42 43
5 0 23 44 24
6 0 23 43 44
7 0 24 45 25
8 0 24 44 45
9 0 25 46 26
10 0 25 45 46
11 0 26 47 27
12 0 26 46 47
13 0 27 48 28
14 0 27 47 48
15 0 28 49 29
16 0 28 48 49
17 0 29 50 30
18 0 29 49 50
19 0 30 51 31
20 0 30 50 51
21 0 31 52 32
22 0 31 51 52
23 0 32 53 33
24 0 32 52 53
25 0 33 54 34
26 0 33 53 54
27 0 34 55 35
28 0 34 54 55
29 0 35 56 36
30 0 35 55 56
31 0 36 57 37
32 0 36 56 57
33 0 37 58 38
34 0 37 57 58
35 0 38 59 39
36 0 38 58 59
37 0 39 60 40
38 0 39 59 60
39 0 40 61 41
40 0 40 60 61
41 0 2 62 42
42 0 2 3 62
43 0 42 63 43
44 0 42 62 63
45 0 43 64 44
46 0 43 63 64
47 0 44 65 45
48 0 44 64 65
49 0 45 66 46
50 0 45 65 66
51 0 46 67 47
52 0 46 66 67
53 0 47 68 48
54 0 47 67 68
55 0 48 69 49
56 0 48 68 69
57 0 49 70 50
58 0 49 69 70
59 0 50 71 51
60 0 50 70 71
61 0 51 72 52
62 0 51 71 72
63 0 52 73 53
64 0 52 72 73
65 0 53 74 54
66 0 53 73 74
67 0 54 75 55
68 0 54 74 75
69 0 55 76 56
70 0 55 75 76
71 0 56 77 57
72 0 56 76 77
73 0 57 78 58
74 0 57 77 78
75 0 58 79 59
76 0 58 78 79
77 0 59 80 60
78 0 59 79 80
79 0 60 81 61
80 0 60 80 81
81 0 3 82 62
82 0 3 4 82
83 0 62 83 63
84 0 62 82 83
85 0 63 84 64
86 0 63 83 84
87 0 64 85 65
88 0 64 84 85
89 0 65 86 66
90 0 65 85 86
91 0 66 87 67
92 0 66 86 87
93 0 67 88 68
94 0 67 87 88
95 0 68 89 69
96 0 68 88 89
97 0 69 90 70
98 0 69 89 90
99 0 70 91 71
100 0 70 90 91
101 0 71 92 72
102 0 71 91 92
103 0 72 93 73
104 0 72 92 93
105 0 73 94 74
106 0 73 93 94
107 0 74 95 75
108 0 74 94 95
109 0 75 96 76
110 0 75 95 96
111 0 76 97 77
112 0 76 96 97
113 0 77 98 78
114 0 77 97 98
115 0 78 99 79
116 0 78 98 99
117 0 79 100 80
118 0 79 99 100
119 0 80 101 81
120 0 80 100 101
121 0 4 102 82
122 0 4 5 102
123 0 82 103 83
124 0 82 102 103
125 0 83 104 84
126 0 83 103 104
127 0 84 105 85
128 0 84 104 105
129 0 85 106 86
130 0 85 105 106
131 0 86 107 87
132 0 86 106 107
133 0 87 108 88
134 0 87 107 108
135 0 88 109 89
136 0 88 108 109
137 0 89 110 90
138 0 89 109 110
139 0 90 111 91
140 0 90 110 111
141 0 91 112 92
142 0 91 111 112
143 0 92 113 93
144 0 92 112 113
145 0 93 114 94
146 0 93 113 114
147 0 94 115 95
148 0 94 114 115
149 0 95 116 96
150 0 95 115 116
151 0 96 117 97
152 0 96 116 117
153 0 97 118 98
154 0 97 117 118
155 0 98 119 99
156 0 98 118 119
157 0 99 120 100
158 0 99 119 120
159 0 100 121 101
160 0 100 120 121
161 0 5 122 102
162 0 5 6 122
163 0 102 123 103
164 0 102 122 123
165 0 103 124 104
166 0 103 123 124
167 0 104 125 105
168 0 104 124 125
169 0 105 126 106
170 0 105 125 126
171 0 106 127 107
172 0 106 126 127
173 0 107 128 108
174 0 107 127 128
175 0 108 129 109
176 0 108 128 129
177 0 109 130 110
178 0 109 129 130
179 0 110 131 111
180 0 110 130 131
181 0 111 132 112
182 0 111 131 132
183 0 112 133 113
184 0 112 132 133
185 0 113 134 114
186 0 113 133 134
187 0 114 135 115
188 0 114 134 135
189 0 115 136 116
190 0 115 135 136
191 0 116 137 117
192 0 116 136 137
193 0 117 138 118
194 0 117 137 138
195 0 118 139 119
196 0 118 138 139
197 0 119 140 120
198 0 119 139 140
199 0 120 141 121
200 0 120 140 141
201 0 6 142 122
202 0 6 7 142
203 0 122 143 123
204 0 122 142 143
205 0 123 144 124
206 0 123 143 144
207 0 124 145 125
208 0 124 144 145
209 0 125 146 126
210 0 125 145 146
211 0 126 147 127
212 0 126 146 147
213 0 127 148 128
214 0 127 147 148
215 0 128 149 129
216 0 128 148 149
217 0 129 150 130
218 0 129 149 150
219 0 130 151 131
220 0 130 150 151
221 0 131 152 132
222 0 131 151 152
223 0 132 153 133
224 0 132 152 153
225 0 133 154 134
226 0 133 153 154
227 0 134 155 135
228 0 134 154 155
229 0 135 156 136
230 0 135 155 156
231 0 136 157 137
232 0 136 156 157
233 0 137 158 138
234 0 137 157 158
235 0 138 159 139
236 0 138 158 159
237 0 139 160 140
238 0 139 159 160
239 0 140 161 141
240 0 140 160 161
241 0 7 162 142
242 0 7 8 162
243 0 142 163 143
244 0 142 162 163
245 0 143 164 144
246 0 143 163 164
247 0 144 165 145
248 0 144 164 165
249 0 145 166 146
250 0 145 165 166
251 0 146 167 147
252 0 146 166 167
253 0 147 168 148
254 0 147 167 168
255 0 148 169 149
256 0 148 168 169
257 0 149 170 150
258 0 149 169 170
259 0 150 171 151
260 0 150 170 171
261 0 151 172 152
262 0 151 171 172
263 0 152 173 153
264 0 152 172 173
265 0 153 174 154
266 0 153 173 174
267 0 154 175 155
268 0 154 174 175
269 0 155 176 156
270 0 155 175 176
271 0 156 177 157
272 0 156 176 177
273 0 157 178 158
274 0 157 177 178
275 0 158 179 159
276 0 158 178 179
277 0 159 180 160
278 0 159 179 180
279 0 160 181 161
280 0 160 180 181
281 0 8 182 162
282 0 8 9 182
283 0 162 183 163
284 0 162 182 183
285 0 163 184 164
286 0 163 183 184
287 0 164 185 165
288 0 164 184 185
289 0 165 186 166
290 0 165 185 186
291 0 166 187 167
292 0 166 186 187
293 0 167 188 168
294 0 167 187 188
295 0 168 189 169
296 0 168 188 189
297 0 169 190 170
298 0 169 189 190
299 0 170 191 171
300 0 170 190 191
301 0 171 192 172
302 0 171 191 192
303 0 172 193 173
304 0 172 192 193
305 0 173 194 174
306 0 173 193 194
307 0 174 195 175
308 0 174 194 195
309 0 175 196 176
310 0 175 195 196
311 0 176 197 177
312 0 176 196 197
313 0 177 198 178
314 0 177 197 198
315 0 178 199 179
316 0 178 198 199
317 0 179 200 180
318 0 179 199 200
319 0 180 201 181
320 0 180 200 201
321 0 9 202 182
322 0 9 10 202
323 0 182 203 183
324 0 182 202 203
325 0 183 204 184
326 0 183 203 204
327 0 184 205 185
328 0 184 204 205
329 0 185 206 186
330 0 185 205 206
331 0 186 207 187
332 0 186 206 207
333 0 187 208 188
334 0 187 207 208
335 0 188 209 189
336 0 188 208 209
337 0 189 210 190
338 0 189 209 210
339 0 190 211 191
340 0 190 210 211
341 0 191 212 192
342 0 191 211 212
343 0 192 213 193
344 0 192 212 213
345 0 193 214 194
346 0 193 213 214
347 0 194 215 195
348 0 194 214 215
349 0 195 216 196
350 0 195 215 216
351 0 196 217 197
352 0 196 216 217
353 0 197 218 198
354 0 197 217 218
355 0 198 219 199
356 0 198 218 219
357 0 199 220 200
358 0 199 219 220
359 0 200 221 201
360 0 200 220 221
361 0 10 222 202
362 0 10 11 222
363 0 202 223 203
364 0 202 222 223
365 0 203 224 204
366 0 203 223 224
367 0 204 225 205
368 0 204 224 225
369 0 205 226 206
370 0 205 225 226
371 0 206 227 207
372 0 206 226 227
373 0 207 228 208
374 0 207 227 228
375 0 208 229 209
376 0 208 228 229
377 0 209 230 210
378 0 209 229 230
379 0 210 231 211
380 0 210 230 231
381 0 211 232 212
382 0 211 231 232
383 0 212 233 213
384 0 212 232 233
385 0 213 234 214
386 0 213 233 234
387 0 214 235 215
388 0 214 234 235
389 0 215 236 216
390 0 215 235 236
391 0 216 237 217
392 0 216 236 237
393 0 217 238 218
394 0 217 237 238
395 0 218 239 219
396 0 218 238 239
397 0 219 240 220
398 0 219 239 240
399 0 220 241 221
400 0 220 240 241
401 0 11 242 222
402 0 11 12 242
403 0 222 243 223
404 0 222 242 243
405 0 223 244 224
406 0 223 243 244
407 0 224 245 225
408 0 224 244 245
409 0 225 246 226
410 0 225 245 246
411 0 226 247 227
412 0 226 246 247
413 0 227 248 228
414 0 227 247 248
415 0 228 249 229
416 0 228 248 249
417 0 229 250 230
418 0 229 249 250
419 0 230 251 231
420 0 230 250 251
421 0 231 252 232
422 0 231 251 252
423 0 232 253 233
424 0 232 252 253
425 0 233 254 234
426 0 233 253 254
427 0 234 255 235
428 0 234 254 255
429 0 235 256 236
430 0 235 255 256
431 0 236 257 237
432 0 236 256 257
433 0 237 258 238
434 0 237 257 258
435 0 238 259 239
436 0 238 258 259
437 0 239 260 240
438 0 239 259 260
439 0 240 261 241
440 0 240 260 261
441 0 12 262 242
442 0 12 13 262
443 0 242 263 243
444 0 242 262 263
445 0 243 264 244
446 0 243 263 264
447 0 244 265 245
448 0 244 264 265
449 0 245 266 246
450 0 245 265 266
451 0 246 267 247
452 0 246 266 267
453 0 247 268 248
454 0 247 267 268
455 0 248 269 249
456 0 248 268 269
457 0 249 270 250
458 0 249 269 270
459 0 250 271 251
460 0 250 270 271
461 0 251 272 252
462 0 251 271 272
463 0 252 273 253
464 0 252 272 273
465 0 253 274 254
466 0 253 273 274
467 0 254 275 255
468 0 254 274 275
469 0 255 276 256
470 0 255 275 276
471 0 256 277 257
472 0 256 276 277
473 0 257 278 258
474 0 257 277 278
475 0 258 279 259
476 0 258 278 279
477 0 259 280 260
478 0 259 279 280
479 0 260 281 261
480 0 260 280 281
481 0 13 282 262
482 0 13 14 282
483 0 262 283 263
484 0 262 282 283
485 0 263 284 264
486 0 263 283 284
487 0 264 285 265
488 0 264 284 285
489 0 265 286 266
490 0 265 285 286
491 0 266 287 267
492 0 266 286 287
493 0 267 288 268
494 0 267 287 288
495 0 268 289 269
496 0 268 288 289
497 0 269 290 270
498 0 269 289 290
499 0 270 291 271
500 0 270 290 291
501 0 271 292 272
502 0 271 291 292
503 0 272 293 273
504 0 272 292 293
505 0 273 294 274
506 0 273 293 294
507 0 274 295 275
508 0 274 294 295
509 0 275 296 276
510 0 275 295 296
511 0 276 297 277
512 0 276 296 297
513 0 277 298 278
514 0 277 297 298
515 0 278 299 279
516 0 278 298 299
517 0 279 300 280
518 0 279 299 300
519 0 280 301 281
520 0 280 300 301
521 0 14 302 282
522 0 14 15 302
523 0 282 303 283
524 0 282 302 303
525 0 283 304 284
526 0 283 303 304
527 0 284 305 285
528 0 284 304 305
529 0 285 306 286
530 0 285 305 306
531 0 286 307 287
532 0 286 306 307
533 0 287 308 288
534 0 287 307 308
535 0 288 309 289
536 0 288 308 309
537 0 289 310 290
538 0 289 309 310
539 0 290 311 291
540 0 290 310 311
541 0 291 312 292
542 0 291 311 312
543 0 292 313 293
544 0 292 312 313
545 0 293 314 294
546 0 293 313 314
547 0 294 315 295
548 0 294 314 315
549 0 295 316 296
550 0 295 315 316
551 0 296 317 297
552 0 296 316 317
553 0 297 318 298
554 0 297 317 318
555 0 298 319 299
556 0 298 318 319
557 0 299 320 300
558 0 299 319 320
559 0 300 321 301
560 0 300 320 321
561 0 15 322 302
562 0 15 16 322
563 0 302 323 303
564 0 302 322 323
565 0 303 324 304
566 0 303 323 324
567 0 304 325 305
568 0 304 324 325
569 0 305 326 306
570 0 305 325 326
571 0 306 327 307
572 0 306 326 327
573 0 307 328 308
574 0 307 327 328
575 0 308 329 309
576 0 308 328 329
577 0 309 330 310
578 0 309 329 330
579 0 310 331 311
580 0 310 330 331
581 0 311 332 312
582 0 311 331 332
583 0 312 333 313
584 0 312 332 333
585 0 313 334 314
586 0 313 333 334
587 0 314 335 315
588 0 314 334 335
589 0 315 336 316
590 0 315 335 336
591 0 316 337 317
592 0 316 336 337
593 0 317 338 318
594 0 317 337 338
595 0 318 339 319
596 0 318 338 339
597 0 319 340 320
598 0 319 339 340
599 0 320 341 321
600 0 320 340 341
601 0 16 342 322
602 0 16 17 342
603 0 322 343 323
604 0 322 342 343
605 0 323 344 324
606 0 323 343 344
607 0 324 345 325
608 0 324 344 345
609 0 325 346 326
610 0 325 345 346
611 0 326 347 327
612 0 326 346 347
613 0 327 348 328
614 0 327 347 348
615 0 328 349 329
616 0 328 348 349
617 0 329 350 330
618 0 329 349 350
619 0 330 351 331
620 0 330 350 351
621 0 331 352 332
622 0 331 351 352
623 0 332 353 333
624 0 332 352 353
625 0 333 354 334
626 0 333 353 354
627 0 334 355 335
628 0 334 354 355
629 0 335 356 336
630 0 335 355 356
631 0 336 357 337
632 0 336 356 357
633 0 337 358 338
634 0 337 357 358
635 0 338 359 339
636 0 338 358 359
637 0 339 360 340
638 0 339 359 360
639 0 340 361 341
640 0 340 360 361
641 0 17 362 342
642 0 17 18 362
643 0 342 363 343
644 0 342 362 363
645 0 343 364 344
646 0 343 363 364
647 0 344 365 345
648 0 344 364 365
649 0 345 366 346
650 0 345 365 366
651 0 346 367 347
652 0 346 366 367
653 0 347 368 348
654 0 347 367 368
655 0 348 369 349
656 0 348 368 369
657 0 349 370 350
658 0 349 369 370
659 0 350 371 351
660 0 350 370 371
661 0 351 372 352
662 0 351 371 372
663 0 352 373 353
664 0 352 372 373
665 0 353 374 354
666 0 353 373 374
667 0 354 375 355
668 0 354 374 375
669 0 355 376 356
670 0 355 375 376
671 0 356 377 357
672 0 356 376 377
673 0 357 378 358
674 0 357 377 378
675 0 358 379 359
676 0 358 378 379
677 0 359 380 360
678 0 359 379 380
679 0 360 381 361
680 0 360 380 381
681 0 18 382 362
682 0 18 19 382
683 0 362 383 363
684 0 362 382 383
685 0 363 384 364
686 0 363 383 384
687 0 364 385 365
688 0 364 384 385
689 0 365 386 366
690 0 365 385 386
691 0 366 387 367
692 0 366 386 387
693 0 367 388 368
694 0 367 387 388
695 0 368 389 369
696 0 368 388 389
697 0 369 390 370
698 0 369 389 390
699 0 370 391 371
700 0 370 390 391
701 0 371 392 372
702 0 371 391 392
703 0 372 393 373
704 0 372 392 393
705 0 373 394 374
706 0 373 393 394
707 0 374 395 375
708 0 374 394 395
709 0 375 396 376
710 0 375 395 396
711 0 376 397 377
712 0 376 396 397
713 0 377 398 378
714 0 377 397 398
715 0 378 399 379
716 0 378 398 399
717 0 379 400 380
718 0 379 399 400
719 0 380 401 381
720 0 380 400 401
721 0 19 402 382
722 0 19 20 402
723 0 382 403 383
724 0 382 402 403
725 0 383 404 384
726 0 383 403 404
727 0 384 405 385
728 0 384 404 405
729 0 385 406 386
730 0 385 405 406
731 0 386 407 387
732 0 386 406 407
733 0 387 408 388
734 0 387 407 408
735 0 388 409 389
736 0 388 408 409
737 0 389 410 390
738 0 389 409 410
739 0 390 411 391
740 0 390 410 411
741 0 391 412 392
742 0 391 411 412
743 0 392 413 393
744 0 392 412 413
745 0 393 414 394
746 0 393 413 414
747 0 394 415 395
748 0 394 414 415
749 0 395 416 396
750 0 395 415 416
751 0 396 417 397
752 0 396 416 417
753 0 397 418 398
754 0 397 417 418
755 0 398 419 399
756 0 398 418 419
757 0 399 420 400
758 0 399 419 420
759 0 400 421 401
760 0 400 420 421
761 0 20 422 402
762 0 20 21 422
763 0 402 423 403
764 0 402 422 423
765 0 403 424 404
766 0 403 423 424
767 0 404 425 405
768 0 404 424 425
769 0 405 426 406
770 0 405 425 426
771 0 406 427 407
772 0 406 426 427
773 0 407 428 408
774 0 407 427 428
775 0 408 429 409
776 0 408 428 429
777 0 409 430 410
778 0 409 429 430
779 0 410 431 411
780 0 410 430 431
781 0 411 432 412
782 0 411 431 432
783 0 412 433 413
784 0 412 432 433
785 0 413 434 414
786 0 413 433 434
787 0 414 435 415
788 0 414 434 435
789 0 415 436 416
790 0 415 435 436
791 0 416 437 417
792 0 416 436 437
793 0 417 438 418
794 0 417 437 438
795 0 418 439 419
796 0 418 438 439
797 0 419 440 420
798 0 419 439 440
799 0 420 441 421
800 0 420 440 441
</Элементы>
<Набор геометрии Meshset>
//Идентификатор, номера элементов
	<Meshset>
	0
	1 2 3 4 5 6 7 8 9 10 11 12 13 14 15 16 17 18 19 20 21 22 23 24 25 26 27 28 29 30 31 32 33 34 35 36 37 38 39 40 41 42 43 44 45 46 47 48 49 50 51 52 53 54 55 56 57 58 59 60 61 62 63 64 65 66 67 68 69 70 71 72 73 74 75 76 77 78 79 80 81 82 83 84 85 86 87 88 89 90 91 92 93 94 95 96 97 98 99 100 101 102 103 104 105 106 107 108 109 110 111 112 113 114 115 116 117 118 119 120 121 122 123 124 125 126 127 128 129 130 131 132 133 134 135 136 137 138 139 140 141 142 143 144 145 146 147 148 149 150 151 152 153 154 155 156 157 158 159 160 161 162 163 164 165 166 167 168 169 170 171 172 173 174 175 176 177 178 179 180 181 182 183 184 185 186 187 188 189 190 191 192 193 194 195 196 197 198 199 200 201 202 203 204 205 206 207 208 209 210 211 212 213 214 215 216 217 218 219 220 221 222 223 224 225 226 227 228 229 230 231 232 233 234 235 236 237 238 239 240 241 242 243 244 245 246 247 248 249 250 251 252 253 254 255 256 257 258 259 260 261 262 263 264 265 266 267 268 269 270 271 272 273 274 275 276 277 278 279 280 281 282 283 284 285 286 287 288 289 290 291 292 293 294 295 296 297 298 299 300 301 302 303 304 305 306 307 308 309 310 311 312 313 314 315 316 317 318 319 320 321 322 323 324 325 326 327 328 329 330 331 332 333 334 335 336 337 338 339 340 341 342 343 344 345 346 347 348 349 350 351 352 353 354 355 356 357 358 359 360 361 362 363 364 365 366 367 368 369 370 371 372 373 374 375 376 377 378 379 380 381 382 383 384 385 386 387 388 389 390 391 392 393 394 395 396 397 398 399 400 401 402 403 404 405 406 407 408 409 410 411 412 413 414 415 416 417 418 419 420 421 422 423 424 425 426 427 428 429 430 431 432 433 434 435 436 437 438 439 440 441 442 443 444 445 446 447 448 449 450 451 452 453 454 455 456 457 458 459 460 461 462 463 464 465 466 467 468 469 470 471 472 473 474 475 476 477 478 479 480 481 482 483 484 485 486 487 488 489 490 491 492 493 494 495 496 497 498 499 500 501 502 503 504 505 506 507 508 509 510 511 512 513 514 515 516 517 518 519 520 521 522 523 524 525 526 527 528 529 530 531 532 533 534 535 536 537 538 539 540 541 542 543 544 545 546 547 548 549 550 551 552 553 554 555 556 557 558 559 560 561 562 563 564 565 566 567 568 569 570 571 572 573 574 575 576 577 578 579 580 581 582 583 584 585 586 587 588 589 590 591 592 593 594 595 596 597 598 599 600 601 602 603 604 605 606 607 608 609 610 611 612 613 614 615 616 617 618 619 620 621 622 623 624 625 626 627 628 629 630 631 632 633 634 635 636 637 638 639 640 641 642 643 644 645 646 647 648 649 650 651 652 653 654 655 656 657 658 659 660 661 662 663 664 665 666 667 668 669 670 671 672 673 674 675 676 677 678 679 680 681 682 683 684 685 686 687 688 689 690 691 692 693 694 695 696 697 698 699 700 701 702 703 704 705 706 707 708 709 710 711 712 713 714 715 716 717 718 719 720 721 722 723 724 725 726 727 728 729 730 731 732 733 734 735 736 737 738 739 740 741 742 743 744 745 746 747 748 749 750 751 752 753 754 755 756 757 758 759 760 761 762 763 764 765 766 767 768 769 770 771 772 773 774 775 776 777 778 779 780 781 782 783 784 785 786 787 788 789 790 791 792 793 794 795 796 797 798 799 800
    </Meshset>
</Набор геометрии Meshset>
<Нагрузки>
	<Линия>
	//Идентификатор, нагрузка X, Нагрузка Y, пары узлов
	0
	0
	-5000
	1 2
	2 3
	3 4
	4 5
	5 6
	6 7
	7 8
	8 9
	9 10
	10 11
	11 12
	12 13
	13 14
	14 15
	15 16
	16 17
	17 18
	18 19
	19 20
	20 21
	</Линия>
</Нагрузки>
<Граничные условия>
	<Закрепление>
	//Идентификатор, тип закрепления, номера узлов
	0
	2
	41 441
	</Закрепление>
</Граничные условия>
<Фазы расчета>
	<Фаза>
	//Идентификатор, количество шагов, номера добавленных мешсетов, номера удаленных мешсетов, номера закреплений, номера нагрузок: узловые, линейные, поверхностные
	0
	1
	0
	empty
	0
	empty
	0
	empty
	</Фаза>
</Фазы расчета>